42884.97487963287,19974.983366105378,10056.264236429766,5312.369021110517,3078.864675738562,1954.740384035476,1419.650323417613,1188.7737024679743,1070.3438484238368,1000.6970770409132,950.7578419158214,923.6201238083112,905.8546262037363,912.6005391968791,927.9622403780808,945.5692738648999,967.767292038471,982.7068384659805,985.205056304234,980.8834876463733,972.9376319026627,962.2188922191747,944.3279354022676,920.5455261454877,890.8442581612279,852.6735953314025,815.6389627019469,779.7421022299495,738.9057990280091,701.2348087433752,663.913700324879,629.2644516017601,597.0103152395008,565.9536625129072,535.9076084972097,502.1583931807346,470.2460495723841,432.9729257402731,395.5633005871077,362.5424337475215,332.42114918566534,305.5759335816814,280.1548285626081,257.6783683672376,233.5192322151136,210.4304312622244,187.5228657711453,165.70587999356022,147.8693785882952,130.85793223632857,115.99938704454742,101.15972458700425,86.7373418954553,73.2433954610369,60.653889084646586,49.6326979411507,41.44143713747387,35.610177179086826,31.29244458779001,26.76776063120882,22.142468667230006,17.26037171753456,11.870412529620321,6.679152200000786,2.4974095736751063,-0.6472843173119245,-3.0227832854836656,-4.92085964842811,-6.305768487397576,-6.774868417346496,-6.350184629539191,-5.354032190065178,-4.722414940388602,-3.967700831766466,-3.162942920958286,-2.2434047054474893,-1.1106967171092195,-0.45911453625585535,-0.13323389835184385,-0.03942094318312246
19974.983366105378,9569.670170377687,4990.391235536977,2743.7202386810263,1660.1988002909916,1097.4084571937974,817.7897182386097,693.1246353940975,629.7169773574274,594.6453278955338,570.2652756743622,556.0291118127709,543.0321090850288,541.7319916816623,543.6172352092948,546.2818437357195,552.3668074755806,555.7402315362814,553.495802461339,548.260887853296,541.6203799127635,533.7791499870683,522.2414132502557,507.8718112570921,491.0368479249728,470.369885719156,451.02137124991003,432.5340584735835,411.2007539861995,391.2687755349657,370.876092595701,351.35775943421356,332.8341813040505,314.9547953113913,298.1009510351038,279.9479838141798,263.6622849792131,244.87706964536935,225.98146958094267,208.92811723469694,192.641985572144,177.7236461120598,163.39614521375896,150.78119380006558,137.4184755780444,124.93199127153243,112.66671424257127,101.05214692489656,91.61757551840716,82.37131135626744,74.11198521926333,65.71829789559385,57.587949666758036,50.129694855180915,43.13066369568857,36.83994958605627,31.998197997399657,28.208505129556777,25.15610070798653,22.063705703370765,19.172585450156227,16.314184375667654,13.194341810052274,10.033587943135451,7.201719678464711,4.785953108677454,2.8489365411874625,1.2831259675102376,0.0758759438596665,-0.7016794663169832,-1.001122441218588,-1.0094744623663396,-1.0561695123142687,-1.0170492871709458,-0.8653099236843121,-0.5902505556593725,-0.23174128508252642,-0.04112252055681562,0.023984157731408925,0.03697392241810414
10056.264236429766,4990.391235536977,2713.767139955714,1561.8299859166382,991.2092749979814,684.3768802591474,524.8332645669913,451.2767764730219,413.80353591047714,394.13825526283654,380.8998713164509,372.6321283198774,362.8567431704235,359.2602869345704,356.6507623684464,354.1578338914265,354.21163699952467,353.29587573533047,349.6292412582178,344.60654791584324,339.11051535283565,333.09383587673994,324.9665668988853,315.33390223774217,304.62396918735567,292.0019959026295,280.58189536777405,269.8162578894686,257.22514161525453,245.3299167760039,232.82267615175832,220.55514627263736,208.72687069414604,197.25987124521342,186.65346303831413,175.60981795109055,166.19410379921354,155.48499879494412,144.72138271131587,134.80752746764256,124.9223112577624,115.64797376642093,106.62639933387763,98.71028788084732,90.41814508546213,82.81977716700507,75.41299484054069,68.42629552397304,62.78188379711074,57.10043136401359,51.925150087525594,46.60161165761468,41.47469807949101,36.863944694042615,32.5103410430719,28.49551606325785,25.302732361123326,22.606899192282434,20.31002390902992,18.037257905100322,16.04150236051679,14.165302889310142,12.13275146131649,9.985394722241745,7.913290573036179,6.015278004030794,4.44999336879636,3.174931455129538,2.1614684506741453,1.3649146505600558,0.8528963183026168,0.5093436289549248,0.2425825489564841,0.043079868123936424,-0.035805121936866954,-0.0037086070965842823,0.06387995135585993,0.08690106775100799,0.06525007942583488,0.052667229597797086
5312.369021110517,2743.7202386810263,1561.8299859166382,944.1989707384522,630.697661857289,456.40226595275806,361.66037884213785,316.54417012976285,293.09216259551795,281.09243471501406,273.18769734806074,268.02217347498413,260.610843178058,256.78763729331945,253.02433579811267,249.04177315551215,246.91668362738403,244.4740693129518,240.57212528564148,236.07290690315565,231.5254951211181,226.78351831900892,220.75013755972418,213.8461834619861,206.44451437209597,197.97251080292,190.49926793560536,183.51621420123848,175.28049006884783,167.4565075793162,159.10748679702414,150.81037000997551,142.72891829269918,134.83756275561677,127.59492711752864,120.18229046249678,114.09480524475094,107.26048651860073,100.43450236897229,94.07420144060788,87.53351433402202,81.29818066753292,75.17214315167405,69.80797795047901,64.2164665193965,59.15715732624867,54.23889848019793,49.60062549110592,45.86553778607793,42.02350479748959,38.47785876919522,34.816815859781116,31.3209853243094,28.234282987745047,25.300450817375502,22.53087537406464,20.264345506512733,18.239022168392392,16.450759805720907,14.711742561185611,13.245792313095372,11.912025138474418,10.469731495410175,8.898583719709517,7.312331341142785,5.805255077821055,4.547362700397439,3.515418998116186,2.67650945221806,1.9508143951414272,1.407856773580646,0.9746242568342015,0.6548328443399424,0.3920939704061951,0.24031814371938554,0.1820356139627519,0.14248277717329919,0.1087181514417152,0.06496404910575361,0.047168774269056
3078.864675738562,1660.1988002909916,991.2092749979814,630.697661857289,444.329458938009,337.6378477257908,277.1713735537284,247.47351819321094,231.3695970906488,223.04478911656656,217.55219628437823,213.8800700375616,207.8462636690819,204.2310958533792,200.29099183357263,195.96249997491682,193.06852552005503,190.08795195337106,186.21511804170427,182.09090153471263,178.11219478991688,174.09371770624915,169.18862641775982,163.70887209352605,157.9642867579048,151.5010220109274,145.88137885882378,140.64532227261546,134.45619159639264,128.57712101097587,122.29354516023808,116.0367228199962,109.91513124213249,103.88284757345903,98.33541472103649,92.66471740989567,88.1006810313229,83.02853764771567,78.0194784296628,73.34844699805255,68.46663309295693,63.77481209854589,59.13164469764123,55.06867623246662,50.829341897670005,47.01560426779554,43.30110450429365,39.78659104908296,36.95963610212872,34.0090672789735,31.269812235945775,28.449241934280995,25.7808235354536,23.45933340403029,21.23675499820275,19.09692730228948,17.306020879220164,15.642956016758978,14.143803761365598,12.70406712504204,11.51918735316146,10.458841840695337,9.308493937401698,8.030390044258471,6.7097918707236,5.435321441778799,4.367589116686619,3.4852991025349795,2.7543198073168793,2.0864936133953997,1.5513881601779798,1.09978298481986,0.7726645054081799,0.4975575531326399,0.32430914662995997,0.23214164611319993,0.15381090454943996,0.10245634627172,0.05634527167311,0.03905468501187
1954.740384035476,1097.4084571937974,684.3768802591474,456.40226595275806,337.6378477257908,268.36469661372297,227.8325939307118,207.41372264595805,195.62378994557787,189.24913390624965,184.8991805243074,181.96155219325843,176.76887535870696,173.41132786085453,169.5698714140819,165.26425261844116,162.13438540692198,159.01167950233165,155.2789872594311,151.46666782107675,147.88750321128543,144.34675811438302,140.1329580547646,135.49596436347747,130.69072506324278,125.32871046741843,120.69493534416998,116.37184966069695,111.27267307081446,106.44431835236435,101.32165248126402,96.25267402077549,91.29522451721556,86.36818755081364,81.80347139870493,77.09370803280297,73.32503811762155,69.16060053688088,65.10056270713045,61.34284372828547,57.39960026352796,53.60180382618974,49.82517780082044,46.51958306898769,43.05290846794333,39.93697386561855,36.88607666679522,33.98219086755319,31.64626329341899,29.188218920048485,26.905775660309015,24.568484550708796,22.372600035208205,20.47944126122446,18.652852616075776,16.869032084549886,15.355386724695395,13.919965105558042,12.613395742645036,11.366962565498145,10.351058753428395,9.44420435848457,8.453803515933338,7.343002068793688,6.188408715806819,5.071989244538501,4.137577465445554,3.3589379363360305,2.7015872356327892,2.078861147940576,1.5618057124624296,1.1160886788557614,0.7968703454072279,0.5258845964708855,0.34859323677544923,0.24247253889337592,0.14786847092599198,0.09072040068598639,0.047176386074207086,0.031642235242919405
1419.650323417613,817.7897182386097,524.8332645669913,361.66037884213785,277.1713735537284,227.8325939307118,198.60746381468408,183.70608635400112,174.46506587054498,169.1257096175357,165.274780006752,162.65931498105266,157.96802096399227,154.83401778567975,151.1759137516261,147.03315268037255,143.90596684536013,140.80936164068382,137.2348181932955,133.66113338843513,130.35580348275292,127.13198746397845,123.3506595352072,119.22398639988964,114.96075325914839,110.20991703896198,106.10389475876502,102.26230254350115,97.75489750968889,93.50892426743702,89.0573956049527,84.6992457209889,80.45357176000668,76.20730361577293,72.2393201918506,68.08819416808679,64.75568881808753,61.07384876594099,57.519047011371676,54.26409301992039,50.86310984753989,47.595037863649054,44.33840479874781,41.48686119495289,38.47519793136535,35.76187599584436,33.087190428329684,30.524268647189512,28.462359089005936,26.284659189338,24.268068204675142,22.21291867308499,20.28827718557454,18.634652029075966,17.02817184881412,15.446456172631049,14.096949144061586,12.807500114023371,11.630426377504444,10.508974895959723,9.594903335682801,8.774305967017058,7.871579147778938,6.856895635701169,5.806221297023296,4.795325712653762,3.9518466553863663,3.2428980451062523,2.633721856099682,2.041646543581523,1.540427597055093,1.1053819728113337,0.7963485295661307,0.5327455139460063,0.35664827663497567,0.24411073880890796,0.14075098331003041,0.08075083839394599,0.03991620532516381,0.0259495588828707
1188.7737024679743,693.1246353940975,451.2767764730219,316.54417012976285,247.47351819321094,207.41372264595805,183.70608635400112,171.64482290599165,163.76126160467547,158.9482667152843,155.30200607089998,152.80230461577705,148.3535312197882,145.35354883952047,141.84425141701232,137.85677687904962,134.79505899398225,131.74860177510385,128.26532441201533,124.80816076410957,121.62816908133988,118.55278524748823,114.9825173557058,111.10989396613272,107.11335902093185,102.65624375661599,98.79704345047331,95.1799351417981,90.95736127848588,86.99933028075071,82.8898758380883,78.8993072279083,75.02614264262935,71.13757659940734,67.48361822401937,63.62119882598606,60.50956646823583,57.06437328313213,53.752248813996886,50.74099474307844,47.6103563209161,44.609866474702265,41.61869654187031,38.999602430230276,36.21889919120307,33.707476373059436,31.220067966506733,28.826385309856406,26.901994688335606,24.865204107935444,22.981962777555832,21.066094463408994,19.27274987238559,17.73363396132882,16.23248098090067,14.749226565880758,13.482147931552596,12.268470751214245,11.158868740605023,10.10026930308717,9.235713983155321,8.45622318851979,7.595187897764158,6.626860383168176,5.627326785283296,4.668762789531912,3.870472430226195,3.195541765365113,2.608883532601287,2.0298861590391066,1.534850898844214,1.1044288132173625,0.8002771037262466,0.5404210155691359,0.3651581345056473,0.24870247027256798,0.13840894006973042,0.0751938462379496,0.0354455046466791,0.022328703769940703
1070.3438484238368,629.7169773574274,413.80353591047714,293.09216259551795,231.3695970906488,195.62378994557787,174.46506587054498,163.76126160467547,156.63987204341126,152.2116595845474,148.77157245551444,146.38519274260167,142.10234315716286,139.18224317965942,135.7624542911702,131.8775630891494,128.87190284626982,125.88219796905612,122.4828105824684,119.11649102897235,116.01929801300832,113.02967983041938,109.57667701857622,105.8521943395009,102.02518241916096,97.77132359487233,94.09703702010448,90.65489608005053,86.63636597663495,82.87173176412996,78.97263115033469,75.1938083049702,71.53104218316702,67.84881021810432,64.38519488725227,60.71208600044846,57.75657720006318,54.48270015264816,51.34036337699494,48.48817604393032,45.5222724891292,42.678466633843804,39.84190151202475,37.35886656981613,34.71899993642718,32.334588298272,29.9696662722393,27.69029662253329,25.85942897094458,23.9168420379142,22.11938670803714,20.290163755816895,18.577766054794452,17.11035101362419,15.678356258764541,14.262037872563877,13.051519023118345,11.888464585295603,10.821788817931171,9.802197456797167,8.969013119157335,8.217840741322025,7.387812022066269,6.453732041152809,5.489363114789102,4.564417245168135,3.794367811838732,3.1415249769489524,2.570919468815477,2.0032645760487244,1.5153699946579562,1.0915144272596473,0.7934285164844675,0.5393930529530399,0.3677466152239571,0.25077164562661197,0.13631195110859037,0.07063180146382358,0.031751779546961095,0.0193285530037611
1000.6970770409132,594.6453278955338,394.13825526283654,281.09243471501406,223.04478911656656,189.24913390624965,169.1257096175357,158.9482667152843,152.2116595845474,148.07957308065116,144.86819499880679,142.62379666419503,138.46566498142843,135.57990124347717,132.1675271411405,128.28614089251437,125.26673036142951,122.29180154360043,118.94603965896384,115.64761033752131,112.61181874412271,109.67571748406635,106.28222566660259,102.63340916712703,98.90485519907195,94.78676109559639,91.25053530049368,87.94399483571432,84.0682040382208,80.4261555419779,76.6448692249339,72.97531683274133,69.41788022988504,65.84217289912128,62.48187865739802,58.920601149035164,56.065331833421844,52.907301236961196,49.880770730111834,47.13076369162907,44.25964848556465,41.499941379415034,38.74475598110662,36.33374685236497,33.77291677964167,31.463199907023967,29.173306360549788,26.965669273480664,25.193023918303307,23.30779102435731,21.561018817970428,19.78305842778426,18.11978800473057,16.6977818701189,15.31195946526102,13.941147535145427,12.768007968836962,11.635725330978982,10.593030067554512,9.595313823142494,8.780671310296839,8.04780998896966,7.23900714949786,6.328112557016214,5.386164353323307,4.481652849488815,3.7284489845320294,3.0892644821044772,2.529477113920023,1.970731916845959,1.489103881859597,1.0716530321254119,0.7795849351434159,0.5318018873762607,0.3645534110880047,0.24875082645347196,0.13286788054539359,0.06629891775788399,0.028613625808258797,0.0168808444674078
950.7578419158214,570.2652756743622,380.8998713164509,273.18769734806074,217.55219628437823,184.8991805243074,165.274780006752,155.30200607089998,148.77157245551444,144.86819499880679,141.88335852532936,139.8037546076446,135.7823772982685,132.94863866797036,129.5432450652763,125.6476077404876,122.59402140572284,119.61415421553673,116.30415519810047,113.06424549342243,110.08858507723656,107.20501648216818,103.86301981399247,100.2724804530908,96.6180138192317,92.60469794045844,89.17841260577069,85.98145980451217,82.2166293934602,78.6657723333573,74.96648337430251,71.37005623468764,67.88134429985838,64.37654504908241,61.085967448099986,57.602503539001845,54.81708446307662,51.74120896692634,48.797469020172954,46.11911439872322,43.31217216997037,40.60862083719583,37.90813370845445,35.545900798887196,33.04025955918532,30.783048647942817,28.546365892688176,26.39002200143417,24.65789261268812,22.81257931837807,21.101155466742636,19.360912309594234,17.735920732681418,16.350688739089666,15.003312296712362,13.670240646376293,12.526641833835626,11.416868354528905,10.390799576328108,9.409085180113905,8.608882659480274,7.89091073298426,7.099579954105264,6.207722165503103,5.283907272737279,4.396026919165023,3.6566394239219324,3.0290136770313207,2.4790460793880054,1.929462502915161,1.4546463256986877,1.0441452500099455,0.7585078773958144,0.5175320257808894,0.3551760492416959,0.24174700859494397,0.1271578448011776,0.06156848770687999,0.025700157500121598,0.014760103477574399
923.6201238083112,556.0291118127709,372.6321283198774,268.02217347498413,213.8800700375616,181.96155219325843,162.65931498105266,152.80230461577705,146.38519274260167,142.62379666419503,139.8037546076446,137.87601373316494,134.0058549873663,131.2696499950002,127.91706246746975,124.03640066775877,120.96012260507818,117.96344876643222,114.66089399415057,111.45118356127536,108.51600964944971,105.6732449033711,102.37433609781378,98.83071548173987,95.23033191201444,91.28788454788867,87.93548838498974,84.81207571475186,81.12018201710615,77.62807852356413,73.97891716135302,70.42507926285235,66.9730256730333,63.504828631443175,60.25005367129499,56.80732089502422,54.057621812478835,51.02433426499809,48.12383130641825,45.48229525162008,42.70910461366005,40.03592879212323,37.36616435573697,35.032193137109864,32.56022884952362,30.334726256735046,28.129382666239618,26.00224245294077,24.29123079971517,22.466054553009684,20.77267097916196,19.05477946508791,17.455644145170826,16.097257323136382,14.778905584451739,13.473798914074052,12.350368440087747,11.254140030281185,10.23691714453656,9.264326189485633,8.472968172837055,7.764733580502877,6.985338473446429,6.107175171184346,5.197221036237923,4.323081887558433,3.5957331004167425,2.9781003121931606,2.4362160902445154,1.8937114808640836,1.4235389326845371,1.018110743586103,0.7378700155937288,0.5030447280877822,0.3450528156190485,0.23359530442114396,0.12045916123238398,0.05620688901055759,0.022454532829435197,0.012409357297273198
905.8546262037363,543.0321090850288,362.8567431704235,260.610843178058,207.8462636690819,176.76887535870696,157.96802096399227,148.3535312197882,142.10234315716286,138.46566498142843,135.7823772982685,134.0058549873663,130.36589101671998,127.83026856216568,124.66495401840868,120.9382857567564,117.94326360704214,114.99728573077236,111.74810561045128,108.6045518153741,105.74606310313162,102.98714290111148,99.7907000416533,96.35619600569093,92.86246134905713,89.03095387798072,85.77425454558961,82.74084042735184,79.15088277834752,75.75256413032648,72.1963817315982,68.72903284486993,65.35495681302075,61.96241723068527,58.77834535315795,55.41124825910857,52.71991579035712,49.7500298418111,46.90801219778945,44.3174222411037,41.60077573591876,38.98453142296079,36.37499929167417,34.09589456853953,31.68582698961738,29.51564116354259,27.364128866632836,25.28752432571172,23.614039697695617,21.827570558857502,20.169959362413703,18.493202269326837,16.938000389772604,15.621556547872302,14.346774200840017,13.084014556973615,11.992990420736602,10.923470581648074,9.92831703226128,8.977939404212313,8.206007563335529,7.516927971896536,6.760131929523837,5.908427209888368,5.026557634846146,4.1806178396862155,3.4777639840074284,2.8806856740765525,2.3558641397694187,1.8291198248537224,1.371026694547603,0.9770161869684215,0.7066655201099046,0.4816525511954207,0.33027000525961225,0.22218381942875995,0.1120413912340824,0.05006404770787559,0.018890145481474798,0.0098691868369413
912.6005391968791,541.7319916816623,359.2602869345704,256.78763729331945,204.2310958533792,173.41132786085453,154.83401778567975,145.35354883952047,139.18224317965942,135.57990124347717,132.94863866797036,131.2696499950002,127.83026856216568,125.51355384273499,122.57855016398008,119.0525855111272,116.17761433452137,113.29058834894118,110.07436260636719,106.96492145268702,104.15356508221628,101.4555214563857,98.34426293407972,94.99854712490594,91.580982361195,87.81051094443484,84.59383810185471,81.59491909146651,78.05269610152632,74.70627743746726,71.20731483171345,67.79453399362737,64.4672095274286,61.11662554736738,57.9698395159026,54.64138587308356,51.97469213077756,49.02723542953287,46.19963622003033,43.61953727342043,40.92357266256622,38.333572965472634,35.75625877964847,33.50809994516267,31.134013595826552,28.99405723083072,26.87128958828119,24.821534157020235,23.166745299336444,21.400091794822156,19.76068060431859,18.106654797858177,16.57765796385895,15.287148362224164,14.039988744429985,12.80407206511184,11.73264245508855,10.67903324428599,9.69718862955509,8.761100667709153,8.002243187983673,7.326698287868062,6.586479856213265,5.754516531903249,4.893803779683509,4.069321854709969,3.3853914589675838,2.8044340876986027,2.293110543078798,1.7788760274530435,1.3303848044353028,0.9453304322328854,0.682784734158288,0.46544263504727024,0.31908672407108013,0.21347359379282396,0.10564526522904959,0.0454622505835232,0.016228589439475798,0.0079680682969932
927.9622403780808,543.6172352092948,356.6507623684464,253.02433579811267,200.29099183357263,169.5698714140819,151.1759137516261,141.84425141701232,135.7624542911702,132.1675271411405,129.5432450652763,127.91706246746975,124.66495401840868,122.57855016398008,119.92291525184032,116.67124568111652,113.98974876980891,111.21728366944637,108.0694940527272,105.01158621383816,102.25560041737663,99.62615257230911,96.61544655380376,93.3756412044283,90.04731271219524,86.34262371717952,83.16011094034856,80.18694838513132,76.69076791779823,73.40204560273202,69.97317377863602,66.62981739969959,63.36485990943089,60.07061111189826,56.97334129884626,53.695553873724464,51.061063579515015,48.1427363066926,45.333042108058116,42.76656118842396,40.09827964256702,37.54284920165992,35.00675635110937,32.796961726189465,30.46574308710702,28.361283403897698,26.273298735148867,24.257549997823094,22.62846117633426,20.890431414478705,19.27702616065875,17.651491025671437,16.15185860325441,14.88796913987525,13.66838505382844,12.460062284350965,11.410571372880318,10.377736369797951,9.415189070491037,8.49905801519437,7.757606517751968,7.099330257299121,6.379832032159571,5.572076976651322,4.736743142846553,3.93712406529349,3.274647146730105,2.712390045290224,2.2174905129315197,1.7194136446235908,1.2844193845579077,0.9112707549691943,0.6577533620909597,0.4485991669680455,0.30767008016510994,0.20528202699339598,0.10054811178174239,0.042306202447496395,0.0145466866082844,0.006809954324203799
945.5692738648999,546.2818437357195,354.1578338914265,249.04177315551215,195.96249997491682,165.26425261844116,147.03315268037255,137.85677687904962,131.8775630891494,128.28614089251437,125.6476077404876,124.03640066775877,120.9382857567564,119.0525855111272,116.67124568111652,113.71590046146426,111.26684919998203,108.65296550828509,105.6132071099151,102.63303000155517,99.94635554089916,97.39359339138065,94.49156201564877,91.3665320390399,88.13695036679029,84.50817131555955,81.36492612018014,78.42060264356338,74.97737376776736,71.75559030639285,68.41010431210529,65.15109774552522,61.965439094443184,58.74492295167405,55.71248569726579,52.50091959279815,49.91089196072829,47.036283863899016,44.25909175202585,41.72040532234745,39.09456481454472,36.58705950685338,34.10419748990832,31.942004201531812,29.662040948871866,27.60053371060366,25.55581814012746,23.58353557222599,21.989259063525164,20.290879575378174,18.713652339401406,17.124581641505838,15.659037488086502,14.423428936084468,13.232119186785768,12.052987069696316,11.028899148260155,10.022847940855316,9.086606728001039,8.196768172315043,7.477283474550179,6.839769777150226,6.1444600942459795,5.364490517218401,4.557870831384243,3.7856932575361184,3.146389473755366,2.604650520992219,2.1285208190229334,1.649952942422503,1.2323222971717491,0.8741013282846636,0.6307364922358705,0.43017494163345515,0.29510003535882146,0.196940173537204,0.09650970865890719,0.040611805211583196,0.0139354542846819,0.0064958672681331
967.767292038471,552.3668074755806,354.21163699952467,246.91668362738403,193.06852552005503,162.13438540692198,143.90596684536013,134.79505899398225,128.87190284626982,125.26673036142951,122.59402140572284,120.96012260507818,117.94326360704214,116.17761433452137,113.98974876980891,111.26684919998203,109.02211521470493,106.56591712590473,103.64342170259654,100.74566118079218,98.1231193619383,95.63248584515749,92.8127085128127,89.7734841533964,86.61840151258822,83.04758155188446,79.93245447348829,77.00646411461851,73.59984175107806,70.42577009577684,67.14225794125419,63.94739355710156,60.82412948661614,57.662614753781824,54.68094270367994,51.52069727797497,48.96460545937293,46.12553193954489,43.376923362983845,40.86401602343364,38.27493143995345,35.806985758563684,33.3661634244992,31.240060787241575,28.99813965690306,26.968587307096872,24.95741464342982,23.020086739805127,21.454909776041784,19.7911840640704,18.245951894822642,16.687497049352334,15.248322216067939,14.03234349766638,12.860034926223017,11.701605416069667,10.697442978361119,9.714898209224875,8.80304474925736,7.937216155949736,7.23704760172154,6.617012204737484,5.941677721809475,5.18462479646889,4.401767679048936,3.6520892374223393,3.0314686454605937,2.506532145915929,2.046411345517068,1.585532935853418,1.1846327393208544,0.8407836610808711,0.6064634763362388,0.41319034557128637,0.28326482509411016,0.18947538018326396,0.0937670158023552,0.04027637710612319,0.0142639641258264,0.006912494911634399
982.7068384659805,555.7402315362814,353.29587573533047,244.4740693129518,190.08795195337106,159.01167950233165,140.80936164068382,131.74860177510385,125.88219796905612,122.29180154360043,119.61415421553673,117.96344876643222,114.99728573077236,113.29058834894118,111.21728366944637,108.65296550828509,106.56591712590473,104.2565152214502,101.46455295483439,98.66891541311526,96.12462759094333,93.70054379962275,90.95431881826097,87.98994118080746,84.90514777409045,81.40138614293872,78.33180774359072,75.44215691463597,72.08454430287574,68.96198911825496,65.73985523481234,62.60868779840497,59.550071694466965,56.4529542219764,53.52750593925454,50.423764134172686,47.90715629364857,45.112947644629664,42.406925382847234,39.93438604873385,37.39268329965817,34.97156658578129,32.57744204258139,30.49025787620516,28.288754410751853,26.29443143774535,24.320469791561408,22.421561086726275,20.888595177837978,19.263213456893556,17.75415885607306,16.230405947588956,14.82051010876582,13.625780202950915,12.473657870191916,11.337386876581759,10.355262291084859,9.398817644011052,8.51394289014823,7.674131390741215,6.994187160504212,6.391551446682935,5.735487791729342,5.000663648079832,4.241354427726462,3.514307199429455,2.9123372880363956,2.4039619651606876,1.9596327863469252,1.51662026460433,1.1330351441616653,0.8043709630273768,0.5795241007518271,0.39390831945684956,0.26952584546360636,0.18065749703788794,0.0904278320339232,0.0397938338775544,0.0146287553959368,0.007408689080258399
985.205056304234,553.495802461339,349.6292412582178,240.57212528564148,186.21511804170427,155.2789872594311,137.2348181932955,128.26532441201533,122.4828105824684,118.94603965896384,116.30415519810047,114.66089399415057,111.74810561045128,110.07436260636719,108.0694940527272,105.6132071099151,103.64342170259654,101.46455295483439,98.80903680233465,96.1329637573709,93.685624466082,91.34230342243656,88.67599674215103,85.79050031642264,82.78327218737385,79.36347416813743,76.36130246518496,73.53055806661831,70.24252368455673,67.18525810273678,64.03592126241537,60.980556926012724,58.000526783426736,54.98415243160976,52.130679503659955,49.09840667304574,46.63342234725466,43.89806164256476,41.25092098670898,38.83489966832964,36.3548050244989,33.99317199924532,31.657569592644837,29.619443851908088,27.468530059627923,25.51899625392294,23.591168870521077,21.738592988383374,20.244030237173888,18.663422639135955,17.19717536479067,15.715586370510389,14.342116765114243,13.174867120775772,12.048804113933363,10.940246274524394,9.984808225659362,9.058438697671182,8.203879317975153,7.393086091867538,6.735516481043107,6.151688969260572,5.515953407027707,4.804616342986049,4.070604581083359,3.3682970217027552,2.7867238171515907,2.2960274571022072,1.8681509985912026,1.4435355679884188,1.0776532982051938,0.7647566954619415,0.5500086641064241,0.3726532699182695,0.254178336161514,0.17044817469659998,0.08611430403587039,0.03871921141090239,0.014715459960753898,0.00773738970147
980.8834876463733,548.260887853296,344.60654791584324,236.07290690315565,182.09090153471263,151.46666782107675,133.66113338843513,124.80816076410957,119.11649102897235,115.64761033752131,113.06424549342243,111.45118356127536,108.6045518153741,106.96492145268702,105.01158621383816,102.63303000155517,100.74566118079218,98.66891541311526,96.1329637573709,93.57325679352985,91.22828004364763,88.97346877621206,86.39130443141877,83.58453169341811,80.65149670564324,77.31238629744576,74.37677056635553,71.60601805504139,68.3888204971136,65.39747242067973,62.322635950283384,59.34735777868157,56.45178788058756,53.52310891559833,50.74808538827586,47.79100302281399,45.378291287290736,42.69907785053951,40.107634142001174,37.74614868802826,35.32687340719382,33.02610175372153,30.75216311877115,28.766770793634983,26.669279070368322,24.76605336073434,22.88420774851092,21.076644308506367,19.618918482969995,18.081046207514497,16.656263638161015,15.216732714568977,13.880459950314382,12.742085520632386,11.64345729783691,10.563572573040082,9.63506333888791,8.73808096418732,7.91269827033364,7.1297930089232135,6.493609980012904,5.927401560643711,5.310335062411323,4.620714677999536,3.9106235110274636,3.232269809054285,2.6706249698699183,2.196826278893983,1.7841906633522266,1.3761988646729202,1.0260066408710171,0.7272557035526858,0.5219142647489343,0.3523456523689647,0.2392832403671807,0.16013784898893593,0.08137861637885278,0.03724864375715279,0.014565155132883598,0.007897511243806799
972.9376319026627,541.6203799127635,339.11051535283565,231.5254951211181,178.11219478991688,147.88750321128543,130.35580348275292,121.62816908133988,116.01929801300832,112.61181874412271,110.08858507723656,108.51600964944971,105.74606310313162,104.15356508221628,102.25560041737663,99.94635554089916,98.1231193619383,96.12462759094333,93.685624466082,91.22828004364763,88.98109091821225,86.81571993763663,84.31972882046075,81.59025358878935,78.72481098484569,75.45469713580218,72.57394092894295,69.85315458548287,66.69816018053558,63.76682752099117,60.762357060620104,57.864770374573716,55.05131610668939,52.20757308055071,49.50831901812524,46.622078267590396,44.25667277396324,41.62501914337945,39.07908234079599,36.76250858773577,34.39570033127195,32.150071028409045,29.934190508094446,27.999575432605056,25.95303525577096,24.092945334123797,22.25266915963472,20.48498981223177,19.059489893247896,17.558932340191475,16.170668052643244,14.769081726649437,13.467109198970496,12.355964568755029,11.283198150624285,10.229886462029588,9.325708281699699,8.45471185103675,7.6549870479462605,6.896851942108277,6.279806030889182,5.729345029391478,5.128864318848103,4.458622971012576,3.7701485684992804,3.1137630785667114,2.570561881912684,2.1121939041248665,1.7131145938287358,1.3194335995693662,0.9823758858378502,0.6954186671707087,0.49817317851522086,0.33526130444210556,0.22658776202411038,0.15106557122236797,0.0770917308312384,0.035925181886249595,0.014446061239944,0.0080572024606128
962.2188922191747,533.7791499870683,333.09383587673994,226.78351831900892,174.09371770624915,144.34675811438302,127.13198746397845,118.55278524748823,113.02967983041938,109.67571748406635,107.20501648216818,105.6732449033711,102.98714290111148,101.4555214563857,99.62615257230911,97.39359339138065,95.63248584515749,93.70054379962275,91.34230342243656,88.97346877621206,86.81571993763663,84.7377782084181,82.33075269185764,79.68123999167311,76.88277048448914,73.67617000155967,70.84308283461488,68.16593861724577,65.06958461704346,62.19801788548281,59.26487462685534,56.4455918738583,53.71329996154237,50.95251124022699,48.32765969726898,45.51188158326291,43.194253034938875,40.60909878229742,38.10577753924149,35.830447941590684,33.51287225229373,31.320351932203614,29.161553398022548,27.27768533166772,25.282085950594794,23.464723000831565,21.66487417548837,19.935441519847263,18.540538743901614,17.074811816525607,15.720421881075133,14.354307266425199,13.08491849506896,12.000248125481926,10.952659932476989,9.924792322480812,9.04337254666817,8.196227659504002,7.419911618437843,6.684488649925573,6.08523654904588,5.549629892713836,4.964883568910934,4.31295354213752,3.644797936597938,3.009056107150665,2.483305857812281,2.039505533290013,1.6530273008937357,1.2721707672594802,0.9464900726321908,0.6694770611873123,0.4791106430796276,0.32170830443818554,0.216464760144414,0.14374033730863198,0.07373368377856801,0.0350849297192184,0.0145321154170884,0.008329540055601601
944.3279354022676,522.2414132502557,324.9665668988853,220.75013755972418,169.18862641775982,140.1329580547646,123.3506595352072,114.9825173557058,109.57667701857622,106.28222566660259,103.86301981399247,102.37433609781378,99.7907000416533,98.34426293407972,96.61544655380376,94.49156201564877,92.8127085128127,90.95431881826097,88.67599674215103,86.39130443141877,84.31972882046075,82.33075269185764,80.02337919758743,77.46909963887587,74.75330335240582,71.62408978992397,68.84812478090554,66.223018652082,63.19785569472997,60.40042855220116,57.55325118131461,54.82427636795696,52.182043165678124,49.51133007583776,46.968058878163056,44.23321809662461,41.974336230133254,39.44887247642344,36.9998469757559,34.77488220494795,32.515327454393585,30.383604365121343,28.289151005617278,26.462601771794272,24.525780798139404,22.758702623312182,21.00705131947606,19.323506278753793,17.96528496029577,16.540031378998012,15.224060279424169,13.897765300854859,12.66548859368535,11.611805042313467,10.593795590203207,9.59517245917672,8.739034246443433,7.917456275400667,7.165830704849341,6.454604597358568,5.874985440271377,5.3565338956458355,4.79036030186137,4.159592347340773,3.514027366485144,2.900599253114563,2.393638024299576,1.9656958150785244,1.5930387638268146,1.2259882110764544,0.9122332432609493,0.6452386464058721,0.46171979810975156,0.3096430937613519,0.207589678166691,0.13738369044133597,0.0709425037335288,0.03453434551693,0.014724402720105898,0.0086477250255297
920.5455261454877,507.8718112570921,315.33390223774217,213.8461834619861,163.70887209352605,135.49596436347747,119.22398639988964,111.10989396613272,105.8521943395009,102.63340916712703,100.2724804530908,98.83071548173987,96.35619600569093,94.99854712490594,93.3756412044283,91.3665320390399,89.7734841533964,87.98994118080746,85.79050031642264,83.58453169341811,81.59025358878935,79.68123999167311,77.46909963887587,75.01359143695518,72.39187846663488,69.35792623977248,66.658247204101,64.10338296511026,61.16636632600764,58.45591090797211,55.702458898571656,53.066117998520554,50.51313049891979,47.93114136902786,45.47024963213123,42.82192718924927,40.6308608636313,38.17860483406569,35.797929392376574,33.63482652266522,31.442057969072756,29.376504927392826,27.34957162213508,25.58265385306657,23.708804040621395,21.99761118181898,20.300715383852097,18.669718545235195,17.35345790672479,15.973140631559156,14.699032802712516,13.415722743542878,12.223946044772928,11.204816350142707,10.220066758199836,9.253909413165848,8.425190184471042,7.630322614298015,6.903815790184161,6.217136025217232,5.65782923557031,5.157688620886774,4.611691725101595,4.00368453703272,3.38182735304304,2.7913350242880957,2.3035680191627663,1.891884397264992,1.5333898818518974,1.1803088075365535,0.8784578433240285,0.6214430201176031,0.44483251127901113,0.2982740525576447,0.1996377395308032,0.13185374047334394,0.06830600826804478,0.0336439565982912,0.0145437058068768,0.008632664919172799
890.8442581612279,491.0368479249728,304.62396918735567,206.44451437209597,157.9642867579048,130.69072506324278,114.96075325914839,107.11335902093185,102.02518241916096,98.90485519907195,96.6180138192317,95.23033191201444,92.86246134905713,91.580982361195,90.04731271219524,88.13695036679029,86.61840151258822,84.90514777409045,82.78327218737385,80.65149670564324,78.72481098484569,76.88277048448914,74.75330335240582,72.39187846663488,69.87062458129856,66.94908522751624,64.34789768243418,61.88503465087876,59.05345940962789,56.43990163373475,53.78210669196431,51.23369032217496,48.76230573720599,46.26176016727111,43.87937983799579,41.31935477166669,39.203309703199096,36.83701975284073,34.539145810095235,32.44953199052784,30.330551153541073,28.333575859034152,26.37358941675684,24.665109229777368,22.855221990938954,21.20332780765699,19.566012434433414,17.992674011759988,16.722339928421334,15.389953915845595,14.15978901367502,12.921290163468797,11.772174244959743,10.790216444264976,9.841666372462223,8.910556222820414,8.110897594780216,7.3432384566118225,6.641484519689742,5.978825605065278,5.43970465926171,4.958262138665263,4.433197423043183,3.8486096585867275,3.2505999671260795,2.6827020018541594,2.2136540101889834,1.8178894981099438,1.4733480882863357,1.1340767772478237,0.8440079464523038,0.5970373808380959,0.42749488925552,0.2868314527728,0.19206769041230395,0.12679384250207995,0.06556203338035199,0.032189910179167995,0.013853724648624,0.008188223574168001
852.6735953314025,470.369885719156,292.0019959026295,197.97251080292,151.5010220109274,125.32871046741843,110.20991703896198,102.65624375661599,97.77132359487233,94.78676109559639,92.60469794045844,91.28788454788867,89.03095387798072,87.81051094443484,86.34262371717952,84.50817131555955,83.04758155188446,81.40138614293872,79.36347416813743,77.31238629744576,75.45469713580218,73.67617000155967,71.62408978992397,69.35792623977248,66.94908522751624,64.16554321469198,61.69382179923007,59.3535467140823,56.653878182582794,54.15480108915444,51.60277489642365,49.146982637823875,46.760203343780994,44.34528638402193,42.04800246293664,39.587441759474416,37.56007375650284,35.29898667241581,33.1052140847372,31.107761785813036,29.077032373290887,27.158610145413004,25.272751361872785,23.628330514752506,21.890025201587513,20.306568198291995,18.738977132766113,17.23319245543225,16.0166320617309,14.739395845272732,13.559438848968593,12.371897960344956,11.271441204843047,10.33233904406461,9.425875937188737,8.535479501009396,7.769449994890017,7.032493897306372,6.3579009440085406,5.721193144376984,5.2038579973434365,4.7427708670885105,4.240620978591454,3.6816371797639658,3.109485018992202,2.5658942498462127,2.1168880234686753,1.7381265696585697,1.408396601578506,1.0836493346250426,0.8058702738046517,0.5696134628219243,0.4077967625808124,0.27391563316967193,0.18384365251140095,0.12141128238896798,0.06220834177018559,0.029873221314747993,0.012508970895036598,0.0072225893203596
815.6389627019469,451.02137124991003,280.58189536777405,190.49926793560536,145.88137885882378,120.69493534416998,106.10389475876502,98.79704345047331,94.09703702010448,91.25053530049368,89.17841260577069,87.93548838498974,85.77425454558961,84.59383810185471,83.16011094034856,81.36492612018014,79.93245447348829,78.33180774359072,76.36130246518496,74.37677056635553,72.57394092894295,70.84308283461488,68.84812478090554,66.658247204101,64.34789768243418,61.69382179923007,59.35025632872465,57.1330315434159,54.56020961484237,52.166184640868586,49.70477085206369,47.32323829795403,45.00179407863929,42.654142271892944,40.42703244682609,38.053151697841045,36.10718515125805,33.94486078467078,31.849843868845767,29.938604787183404,27.98688514712781,26.13635624961424,24.313114590412013,22.72278964598577,21.046723510659355,19.52445609560592,18.0197886474686,16.574828731070458,15.406308737013667,14.177267213902306,13.04076516483479,11.897500099734458,10.839963837530135,9.93950774046971,9.071474795133076,8.218044011126349,7.482089608718041,6.7715981429126995,6.119583650806531,5.504202824202507,5.004906200606776,4.56101289331033,4.07849829322173,3.5415046038223514,2.9914205400004494,2.468440956174479,2.036365439471088,1.6718697060682963,1.3543897107769143,1.0414147570842078,0.7734206204935797,0.5459368513442094,0.3907453188294336,0.26298344021360315,0.1772653558848202,0.11719789855492797,0.05911490543411038,0.027261345825324794,0.0108248915073798,0.0059554934568623995
