0.0903191625,0.000176283,0.00019587,0.0002448375,0.00038194649999999993,0.0004994684999999999,0.000607197,0.0009499694999999999,0.00097935,0.0015277859999999997,0.002820528,0.004740054,0.0085301385,0.03115155,0.09730844999999999,0.000470778,0.000128895,0.00027761999999999996,0.00037676999999999996,0.00021813000000000003,0.00049575,0.0008130299999999999,0.000882435,0.00107082,0.0014475899999999997,0.0024291749999999996,0.00450141,0.00836826,0.029769359999999998,0.09804473999999999,0.00017267999999999998,0.00017171699999999997,0.00023232299999999996,0.00023232299999999996,0.00038383799999999995,0.0005757569999999999,0.000696969,0.000727272,0.0011313119999999998,0.001434342,0.0027474719999999995,0.004424237999999999,0.007979789999999999,0.02861247,0.09559541999999999,0.000301056,0.00017033999999999997,0.00017033999999999997,0.00028055999999999996,0.00028055999999999996,0.00039077999999999997,0.0006412799999999999,0.0007414799999999999,0.0011923799999999998,0.0017134199999999998,0.0025150199999999998,0.00419838,0.007745459999999999,0.028636919999999996,0.0929877
0.000176283,0.16010461960000003,0.00011624400000000001,0.00014530500000000003,0.00022667580000000002,0.00029642220000000003,0.00036035640000000007,0.0005637834,0.0005812200000000001,0.0009067032000000001,0.0016739136000000004,0.0028131048,0.0050624262,0.017561268,0.05485633200000001,0.00026175600000000003,7.745400000000002e-05,0.000166824,0.000226404,0.00013107600000000004,0.00029790000000000003,0.000488556,0.0005302620000000001,0.0006434640000000002,0.000869868,0.0014597100000000001,0.002704932,0.005028552000000001,0.016924320000000003,0.055739880000000006,9.506880000000002e-05,0.0001010412,0.0001367028,0.0001367028,0.00022585680000000003,0.00033878520000000004,0.00041010840000000004,0.0004279392,0.0006656832,0.0008439912,0.0016166592,0.0026032968,0.004695444,0.016043328000000003,0.053601408,0.00016500960000000002,9.93888e-05,9.93888e-05,0.0001636992,0.0001636992,0.0002280096,0.00037416960000000003,0.00043263360000000007,0.0006957216,0.0009997344,0.0014674464000000002,0.0024496416,0.0045192672000000005,0.015966936,0.05184666
0.00019587,0.00011624400000000001,0.16012916000000002,0.00016145,0.000251862,0.00032935799999999997,0.0004003960000000001,0.000626426,0.0006458,0.001007448,0.0018599040000000001,0.003125672,0.0056249180000000005,0.019512520000000002,0.060951479999999995,0.00029084,8.606000000000001e-05,0.00018535999999999997,0.00025156,0.00014564000000000002,0.000331,0.00054284,0.0005891800000000001,0.0007149600000000002,0.00096652,0.0016219,0.0030054800000000005,0.005587280000000001,0.018804800000000003,0.061933199999999994,0.00010563200000000001,0.00011226799999999999,0.000151892,0.000151892,0.00025095200000000003,0.000376428,0.0004556760000000001,0.000475488,0.000739648,0.000937768,0.0017962879999999998,0.0028925519999999996,0.00521716,0.017825920000000002,0.05955711999999999,0.000183344,0.00011043199999999999,0.00011043199999999999,0.00018188799999999998,0.00018188799999999998,0.00025334399999999997,0.00041574399999999996,0.00048070400000000004,0.000773024,0.0011108160000000001,0.001630496,0.002721824,0.005021408,0.01774104,0.0576074
0.0002448375,0.00014530500000000003,0.00016145,0.16020181250000004,0.0003148275,0.00041169750000000005,0.0005004950000000001,0.0007830325000000001,0.0008072500000000001,0.00125931,0.0023248800000000005,0.00390709,0.007031147500000001,0.024390650000000003,0.07618934999999999,0.0003635500000000001,0.00010757500000000001,0.0002317,0.00031445,0.00018205,0.00041375000000000006,0.00067855,0.0007364750000000001,0.0008937000000000002,0.00120815,0.002027375,0.00375685,0.006984100000000002,0.023506000000000003,0.0774165,0.00013204000000000002,0.00014033499999999998,0.000189865,0.000189865,0.00031369,0.000470535,0.0005695950000000001,0.00059436,0.0009245599999999999,0.00117221,0.0022453599999999996,0.0036156899999999995,0.006521450000000001,0.022282400000000004,0.0744464,0.00022918,0.00013804,0.00013804,0.00022735999999999996,0.00022735999999999996,0.00031667999999999996,0.00051968,0.00060088,0.00096628,0.00138852,0.00203812,0.00340228,0.00627676,0.0221763,0.07200925
0.00038194649999999993,0.00022667580000000002,0.000251862,0.0003148275,0.2504911309,0.0006422481,0.0007807722000000002,0.0012215307,0.00125931,0.0019645236,0.0036268128000000004,0.0060950604,0.0109685901,0.038049414000000004,0.11885538600000001,0.000567138,0.000167817,0.00036145199999999995,0.0004905420000000001,0.00028399800000000004,0.0006454500000000001,0.001058538,0.0011489010000000001,0.0013941720000000002,0.001884714,0.003162705,0.005860686,0.010895196000000001,0.03666936,0.12076974,0.0002059824,0.00021892259999999996,0.00029618939999999995,0.00029618939999999995,0.0004893564,0.0007340345999999999,0.0008885682000000001,0.0009272016000000001,0.0014423135999999997,0.0018286475999999996,0.0035027615999999994,0.0056404763999999994,0.010173462,0.034760544000000004,0.116136384,0.0003575208,0.00021534239999999996,0.00021534239999999996,0.00035468159999999996,0.00035468159999999996,0.0004940208,0.0008107008,0.0009373728000000001,0.0015073968,0.0021660912000000003,0.0031794672,0.0053075568,0.0097917456,0.034595028,0.11233443
0.0004994684999999999,0.00029642220000000003,0.00032935799999999997,0.00041169750000000005,0.0006422481,0.8108398629000001,0.0010210098,0.0015973862999999998,0.0016467900000000002,0.0025689924,0.0047427552000000005,0.0079704636,0.014343540899999998,0.049756926,0.15542627399999998,0.000741642,0.00021945300000000001,0.00047266799999999993,0.000641478,0.00037138199999999996,0.00084405,0.0013842419999999997,0.0015024090000000001,0.0018231480000000001,0.0024646259999999997,0.004135845,0.0076639740000000005,0.014247564,0.04795223999999999,0.15792965999999997,0.00026936159999999996,0.00028628339999999994,0.0003873245999999999,0.0003873245999999999,0.0006399276,0.0009598914,0.0011619738,0.0012124943999999999,0.0018861023999999997,0.0023913083999999992,0.004580534399999999,0.007376007599999998,0.013303757999999999,0.045456096,0.151870656,0.0004675272,0.00028160159999999996,0.00028160159999999996,0.0004638143999999999,0.0004638143999999999,0.0006460271999999998,0.0010601471999999999,0.0012257951999999999,0.0019712111999999997,0.0028325807999999997,0.0041577648,0.006940651199999999,0.0128045904,0.045239652,0.14689887
0.000607197,0.00036035640000000007,0.0004003960000000001,0.0005004950000000001,0.0007807722000000002,0.0010210098,1.0012412276,0.0019419206,0.0020019800000000004,0.0031230888000000007,0.005765702400000001,0.0096895832,0.0174372458,0.06048881200000001,0.188949588,0.0009016040000000001,0.0002667860000000001,0.000574616,0.000779836,0.00045148400000000004,0.0010261,0.001682804,0.0018264580000000004,0.0022163760000000004,0.0029962120000000003,0.00502789,0.009316988000000002,0.017320568000000005,0.05829488000000001,0.19199292,0.00032745920000000006,0.0003480308,0.00047086519999999996,0.00047086519999999996,0.0007779512000000001,0.0011669268,0.0014125956000000002,0.0014740128,0.0022929088,0.0029070808,0.0055684928,0.0089669112,0.016173196,0.055260352000000006,0.184627072,0.0005683664,0.00034233919999999995,0.00034233919999999995,0.0005638527999999999,0.0005638527999999999,0.0007853664,0.0012888064000000001,0.0014901824000000002,0.0023963744,0.0034435296,0.005054537600000001,0.008437654400000001,0.015566364800000001,0.054997224000000004,0.17858294000000002
0.0009499694999999999,0.0005637834,0.000626426,0.0007830325000000001,0.0012215307,0.0015973862999999998,0.0019419206,1.4430381661,0.0031321300000000003,0.0048861228,0.0090205344,0.015159509199999999,0.0272808523,0.094635722,0.29561467799999996,0.001410574,0.000417391,0.0008989959999999998,0.001220066,0.000706354,0.00160535,0.002632773999999999,0.002857523,0.003467556,0.004687621999999999,0.007866215,0.014576577999999998,0.027098308,0.09120328,0.30037601999999997,0.0005123152,0.0005444997999999999,0.0007366761999999999,0.0007366761999999999,0.0012171171999999998,0.0018256757999999997,0.0022100286,0.0023061168,0.003587292799999999,0.004548174799999999,0.008711996799999998,0.014028877199999996,0.025303225999999998,0.08645571199999999,0.288852032,0.0008892183999999999,0.0005355951999999999,0.0005355951999999999,0.0008821567999999998,0.0008821567999999998,0.0012287183999999999,0.0020163583999999995,0.0023314143999999997,0.0037491663999999992,0.005387457599999999,0.0079079056,0.013200846399999999,0.024353828799999998,0.086044044,0.27939589
0.00097935,0.0005812200000000001,0.0006458,0.0008072500000000001,0.00125931,0.0016467900000000002,0.0020019800000000004,0.0031321300000000003,1.4432289999999999,0.00503724,0.009299520000000002,0.01562836,0.028124590000000005,0.09756260000000001,0.30475739999999996,0.0014542000000000003,0.00043030000000000005,0.0009268,0.0012578,0.0007282,0.0016550000000000002,0.0027142,0.0029459000000000004,0.003574800000000001,0.0048326,0.0081095,0.0150274,0.027936400000000007,0.09402400000000001,0.309666,0.0005281600000000001,0.0005613399999999999,0.00075946,0.00075946,0.00125476,0.00188214,0.0022783800000000004,0.00237744,0.0036982399999999998,0.00468884,0.008981439999999999,0.014462759999999998,0.026085800000000003,0.08912960000000002,0.2977856,0.00091672,0.00055216,0.00055216,0.0009094399999999999,0.0009094399999999999,0.0012667199999999998,0.00207872,0.00240352,0.00386512,0.00555408,0.00815248,0.01360912,0.02510704,0.0887052,0.288037
0.0015277859999999997,0.0009067032000000001,0.001007448,0.00125931,0.0019645236,0.0025689924,0.0031230888000000007,0.0048861228,0.00503724,2.2578580944,0.014507251200000001,0.0243802416,0.0438743604,0.15219765600000001,0.47542154400000003,0.002268552,0.000671268,0.0014458079999999998,0.0019621680000000002,0.0011359920000000002,0.0025818000000000004,0.004234152,0.0045956040000000005,0.005576688000000001,0.007538856,0.01265082,0.023442744,0.043580784000000004,0.14667744,0.48307896,0.0008239296,0.0008756903999999999,0.0011847575999999998,0.0011847575999999998,0.0019574256,0.0029361383999999997,0.0035542728000000005,0.0037088064000000004,0.005769254399999999,0.0073145903999999986,0.014011046399999998,0.022561905599999998,0.040693848,0.13904217600000002,0.464545536,0.0014300832,0.0008613695999999998,0.0008613695999999998,0.0014187263999999998,0.0014187263999999998,0.0019760832,0.0032428032,0.0037494912000000003,0.0060295872,0.008664364800000001,0.0127178688,0.0212302272,0.0391669824,0.138380112,0.44933772
0.002820528,0.0016739136000000004,0.0018599040000000001,0.0023248800000000005,0.0036268128000000004,0.0047427552000000005,0.005765702400000001,0.0090205344,0.009299520000000002,0.014507251200000001,4.4367826176000005,0.0450096768,0.0809988192,0.280980288,0.8777013120000001,0.0041880960000000005,0.0012392640000000003,0.002669184,0.003622464,0.0020972160000000007,0.0047664000000000005,0.007816896,0.008484192000000002,0.010295424000000003,0.013917888,0.023355360000000002,0.043278912,0.08045683200000002,0.27078912000000005,0.8918380800000001,0.0015211008000000003,0.0016166592,0.0021872448,0.0021872448,0.0036137088000000005,0.005420563200000001,0.006561734400000001,0.0068470272,0.0106509312,0.0135038592,0.0258665472,0.0416527488,0.075127104,0.25669324800000004,0.857622528,0.0026401536000000003,0.0015902208,0.0015902208,0.0026191872,0.0026191872,0.0036481536,0.0059867136000000005,0.006922137600000001,0.0111315456,0.0159957504,0.023479142400000003,0.0391942656,0.07230827520000001,0.255470976,0.82954656
0.004740054,0.0028131048,0.003125672,0.00390709,0.0060950604,0.0079704636,0.0096895832,0.015159509199999999,0.01562836,0.0243802416,0.0450096768,7.3656412624000005,0.1361230156,0.47220298400000005,1.4750258159999998,0.007038328,0.002082652,0.004485711999999999,0.006087752,0.003524488,0.008010199999999999,0.013136727999999997,0.014258156000000001,0.017302032000000002,0.023389783999999997,0.03924998,0.072732616,0.13521217600000002,0.45507615999999995,1.49878344,0.0025562944000000003,0.0027168855999999994,0.0036757863999999996,0.0036757863999999996,0.0060730383999999995,0.0091095576,0.0110273592,0.011506809599999999,0.017899481599999996,0.022693985599999997,0.04347016959999999,0.06999975839999999,0.12625527199999997,0.43138726400000005,1.4412823039999998,0.0044369247999999995,0.0026724543999999996,0.0026724543999999996,0.0044016896,0.0044016896,0.0061309248,0.010061004799999999,0.0116330368,0.018707180799999997,0.0268817472,0.039458003199999994,0.06586814079999999,0.1215180736,0.42933316799999993,1.3940990800000002
0.0085301385,0.0050624262,0.0056249180000000005,0.007031147500000001,0.0109685901,0.014343540899999998,0.0174372458,0.0272808523,0.028124590000000005,0.0438743604,0.0809988192,0.1361230156,12.4949651789,0.8497702460000001,2.6544369540000003,0.012666082,0.0037479130000000003,0.008072428,0.010955438000000001,0.006342622000000001,0.01441505,0.023640681999999996,0.025658789,0.031136508000000004,0.042091946,0.070633745,0.130888654,0.24332604400000002,0.8189490400000001,2.69719086,0.0046002736,0.004889271399999999,0.006614896599999999,0.006614896599999999,0.0109289596,0.0163934394,0.019844689800000002,0.0207075024,0.032211670399999996,0.040839796399999996,0.07822834239999998,0.1259706396,0.227207318,0.776318816,2.5937125759999997,0.0079846312,0.004809313599999999,0.004809313599999999,0.007921222399999999,0.007921222399999999,0.011033131199999999,0.018105651199999996,0.020934659199999997,0.0336651952,0.0483760368,0.0710081008,0.1185354352,0.2186823184,0.7726222919999999,2.5088022700000003
0.03115155,0.017561268,0.019512520000000002,0.024390650000000003,0.038049414000000004,0.049756926,0.06048881200000001,0.094635722,0.09756260000000001,0.15219765600000001,0.280980288,0.47220298400000005,0.8497702460000001,28.057925,9.552075,0.046034648000000004,0.012887420000000002,0.02775752,0.037670920000000004,0.021809480000000003,0.04956700000000001,0.08128988,0.08822926000000002,0.10706472000000002,0.14473564,0.2428783,0.45006836000000006,0.8366909600000002,2.92921376,9.647301839999999,0.016839200000000002,0.017063851999999997,0.023086387999999996,0.023086387999999996,0.038142728,0.05721409200000001,0.06925916400000001,0.07227043200000001,0.112420672,0.14253335199999997,0.27302163199999996,0.439645128,0.79296724,2.80444072,9.36974992,0.029321936000000003,0.01688576,0.01688576,0.02781184,0.02781184,0.03873792,0.06356992,0.07350272000000001,0.11820032000000001,0.16985088,0.24931328000000003,0.41618432000000005,0.7678054400000001,2.8024231200000003,9.099822200000002
0.09730844999999999,0.05485633200000001,0.060951479999999995,0.07618934999999999,0.11885538600000001,0.15542627399999998,0.188949588,0.29561467799999996,0.30475739999999996,0.47542154400000003,0.8777013120000001,1.4750258159999998,2.6544369540000003,9.552075,129.83792499999998,0.14379895199999998,0.04025658,0.08670647999999999,0.11767308,0.06812652000000001,0.154833,0.25392612,0.27560274,0.33443928,0.45211236,0.7586817,1.4058836399999999,2.6135810400000006,9.15001824,30.135386159999996,0.0526008,0.05330254799999999,0.07211521199999998,0.07211521199999998,0.119146872,0.178720308,0.216345636,0.225751968,0.35116972799999996,0.4452330479999999,0.8528407679999999,1.3733244719999997,2.4770007599999997,8.76026328,29.268394079999997,0.091593264,0.05274623999999999,0.05274623999999999,0.08687616,0.08687616,0.12100607999999999,0.19857408,0.22960128,0.36922368,0.53056512,0.7787827199999999,1.3000396799999998,2.39840256,8.75396088,28.4252178
0.000470778,0.00026175600000000003,0.00029084,0.0003635500000000001,0.000567138,0.000741642,0.0009016040000000001,0.001410574,0.0014542000000000003,0.002268552,0.0041880960000000005,0.007038328,0.012666082,0.046034648000000004,0.14379895199999998,0.4231948303999999,0.00019162000000000004,0.00041272,0.0005601200000000001,0.00032428000000000003,0.0007370000000000001,0.00120868,0.0013118600000000002,0.0015919200000000004,0.00215204,0.0036113,0.00669196,0.012440560000000002,0.044026048,0.144998832,0.00025463680000000004,0.0002547688,0.0003446872,0.0003446872,0.0005694832,0.0008542248,0.0010340616000000002,0.0010790208,0.0016784767999999998,0.0021280687999999997,0.0040763008,0.0065640431999999995,0.011839256000000001,0.042261824,0.141198464,0.00044376640000000003,0.00025252479999999996,0.00025252479999999996,0.00041592319999999997,0.00041592319999999997,0.0005793216,0.0009506816,0.0010992256,0.0017676736,0.0025401024,0.0037284544,0.0062239936,0.0114824512,0.042276432,0.13727692000000002
0.000128895,7.745400000000002e-05,8.606000000000001e-05,0.00010757500000000001,0.000167817,0.00021945300000000001,0.0002667860000000001,0.000417391,0.00043030000000000005,0.000671268,0.0012392640000000003,0.002082652,0.0037479130000000003,0.012887420000000002,0.04025658,0.00019162000000000004,0.25005746,0.00012376,0.00016796000000000004,9.724000000000002e-05,0.000221,0.00036243999999999995,0.0003933800000000001,0.00047736000000000013,0.00064532,0.0010829000000000001,0.0020066800000000003,0.003730480000000001,0.0124384,0.0409656,6.9472e-05,7.4698e-05,0.00010106199999999999,0.00010106199999999999,0.000166972,0.000250458,0.00030318600000000005,0.00031636800000000003,0.000492128,0.0006239479999999999,0.001195168,0.0019245719999999998,0.0034712600000000003,0.011762270000000002,0.03929822,0.00012048400000000001,7.337199999999999e-05,7.337199999999999e-05,0.000120848,0.000120848,0.000168324,0.000276224,0.000319384,0.000513604,0.0007380360000000001,0.001083316,0.001808404,0.003336268,0.011694540000000002,0.037973650000000005
0.00027761999999999996,0.000166824,0.00018535999999999997,0.0002317,0.00036145199999999995,0.00047266799999999993,0.000574616,0.0008989959999999998,0.0009268,0.0014458079999999998,0.002669184,0.004485711999999999,0.008072428,0.02775752,0.08670647999999999,0.00041272,0.00012376,0.56276656,0.0003617599999999999,0.00020944,0.00047599999999999997,0.0007806399999999998,0.00084728,0.0010281600000000002,0.0013899199999999998,0.0023323999999999997,0.00432208,0.008034880000000001,0.0267904,0.08823359999999998,0.00014963199999999997,0.00016088799999999995,0.00021767199999999994,0.00021767199999999994,0.000359632,0.000539448,0.000653016,0.000681408,0.0010599679999999997,0.0013438879999999997,0.0025742079999999993,0.004145231999999999,0.007476559999999999,0.025334119999999998,0.08464232,0.000259504,0.00015803199999999995,0.00015803199999999995,0.00026028799999999996,0.00026028799999999996,0.0003625439999999999,0.0005949439999999999,0.0006879039999999999,0.0011062239999999998,0.0015896159999999999,0.0023332959999999995,0.0038950239999999995,0.007185807999999999,0.025188239999999997,0.08178939999999998
0.00037676999999999996,0.000226404,0.00025156,0.00031445,0.0004905420000000001,0.000641478,0.000779836,0.001220066,0.0012578,0.0019621680000000002,0.003622464,0.006087752,0.010955438000000001,0.037670920000000004,0.11767308,0.0005601200000000001,0.00016796000000000004,0.0003617599999999999,0.6404909600000002,0.00028424000000000006,0.000646,0.0010594399999999998,0.0011498800000000003,0.00139536,0.00188632,0.0031653999999999996,0.00586568,0.010904480000000001,0.0363584,0.1197456,0.00020307200000000002,0.000218348,0.000295412,0.000295412,0.000488072,0.000732108,0.0008862360000000001,0.000924768,0.001438528,0.0018238479999999997,0.003493568,0.005625671999999999,0.01014676,0.03438202,0.11487171999999998,0.000352184,0.00021447199999999998,0.00021447199999999998,0.00035324799999999996,0.00035324799999999996,0.000492024,0.0008074239999999999,0.000933584,0.001501304,0.002157336,0.0031666159999999997,0.005286104,0.009752167999999999,0.03418404,0.1109999
0.00021813000000000003,0.00013107600000000004,0.00014564000000000002,0.00018205,0.00028399800000000004,0.00037138199999999996,0.00045148400000000004,0.000706354,0.0007282,0.0011359920000000002,0.0020972160000000007,0.003524488,0.006342622000000001,0.021809480000000003,0.06812652000000001,0.00032428000000000003,9.724000000000002e-05,0.00020944,0.00028424000000000006,0.4901645599999999,0.00037400000000000004,0.0006133600000000001,0.0006657200000000002,0.0008078400000000002,0.00109208,0.0018326000000000002,0.0033959200000000006,0.006313120000000002,0.0210496,0.06932640000000001,0.00011756800000000002,0.000126412,0.000171028,0.000171028,0.000282568,0.00042385200000000006,0.0005130840000000001,0.0005353920000000001,0.0008328319999999999,0.001055912,0.002022592,0.003256968,0.005874440000000001,0.019905380000000004,0.06650468000000001,0.00020389600000000001,0.000124168,0.000124168,0.00020451199999999998,0.00020451199999999998,0.000284856,0.000467456,0.000540496,0.000869176,0.001248984,0.0018333040000000002,0.003060376,0.005645992000000001,0.01979076,0.0642631
0.00049575,0.00029790000000000003,0.000331,0.00041375000000000006,0.0006454500000000001,0.00084405,0.0010261,0.00160535,0.0016550000000000002,0.0025818000000000004,0.0047664000000000005,0.008010199999999999,0.01441505,0.04956700000000001,0.154833,0.0007370000000000001,0.000221,0.00047599999999999997,0.000646,0.00037400000000000004,1.9608499999999998,0.0013939999999999998,0.0015130000000000002,0.0018360000000000004,0.002482,0.004165,0.007718,0.014348000000000003,0.04784000000000001,0.15755999999999998,0.0002672,0.0002873,0.00038869999999999996,0.00038869999999999996,0.0006422,0.0009633,0.0011661000000000002,0.0012168,0.0018927999999999998,0.0023997999999999997,0.0045968,0.007402199999999999,0.013351000000000002,0.0452395,0.151147,0.0004634,0.0002822,0.0002822,0.0004647999999999999,0.0004647999999999999,0.0006473999999999999,0.0010623999999999998,0.0012284000000000002,0.0019754,0.0028386,0.0041666,0.0069554000000000005,0.0128318,0.044979,0.1460525
0.0008130299999999999,0.000488556,0.00054284,0.00067855,0.001058538,0.0013842419999999997,0.001682804,0.002632773999999999,0.0027142,0.004234152,0.007816896,0.013136727999999997,0.023640681999999996,0.08128988,0.25392612,0.00120868,0.00036243999999999995,0.0007806399999999998,0.0010594399999999998,0.0006133600000000001,0.0013939999999999998,2.5622861600000006,0.00248132,0.00301104,0.00407048,0.006830599999999999,0.012657519999999998,0.023530719999999998,0.07845759999999999,0.2583984,0.00043820799999999994,0.00047117199999999985,0.0006374679999999999,0.0006374679999999999,0.001053208,0.0015798119999999999,0.001912404,0.001995552,0.0031041919999999995,0.0039356719999999994,0.0075387519999999975,0.012139607999999998,0.021895639999999997,0.07419277999999999,0.24788107999999998,0.0007599759999999999,0.0004628079999999999,0.0004628079999999999,0.0007622719999999998,0.0007622719999999998,0.0010617359999999998,0.0017423359999999997,0.0020145759999999997,0.0032396559999999996,0.004655303999999999,0.006833223999999999,0.011406855999999996,0.021044151999999997,0.07376556,0.23952609999999996
0.000882435,0.0005302620000000001,0.0005891800000000001,0.0007364750000000001,0.0011489010000000001,0.0015024090000000001,0.0018264580000000004,0.002857523,0.0029459000000000004,0.0045956040000000005,0.008484192000000002,0.014258156000000001,0.025658789,0.08822926000000002,0.27560274,0.0013118600000000002,0.0003933800000000001,0.00084728,0.0011498800000000003,0.0006657200000000002,0.0015130000000000002,0.00248132,2.5626931400000004,0.003268080000000001,0.00441796,0.0074137000000000005,0.01373804,0.025539440000000004,0.08515520000000001,0.2804568,0.0004756160000000001,0.000511394,0.0006918860000000001,0.0006918860000000001,0.001143116,0.0017146740000000002,0.002075658,0.002165904,0.003369184,0.004271644,0.008182304,0.013175916,0.02376478,0.08052631000000002,0.26904166,0.0008248520000000002,0.0005023159999999999,0.0005023159999999999,0.0008273439999999999,0.0008273439999999999,0.001152372,0.0018910720000000002,0.002186552,0.0035162120000000003,0.005052708000000001,0.007416548,0.012380612,0.022840604,0.08006262,0.25997345000000005
0.00107082,0.0006434640000000002,0.0007149600000000002,0.0008937000000000002,0.0013941720000000002,0.0018231480000000001,0.0022163760000000004,0.003467556,0.003574800000000001,0.005576688000000001,0.010295424000000003,0.017302032000000002,0.031136508000000004,0.10706472000000002,0.33443928,0.0015919200000000004,0.00047736000000000013,0.0010281600000000002,0.00139536,0.0008078400000000002,0.0018360000000000004,0.00301104,0.003268080000000001,3.24396576,0.0053611200000000005,0.008996400000000002,0.016670880000000003,0.030991680000000008,0.10333440000000002,0.3403296,0.000577152,0.0006205679999999999,0.0008395919999999999,0.0008395919999999999,0.0013871520000000002,0.0020807280000000004,0.0025187760000000003,0.0026282880000000008,0.004088448,0.0051835679999999995,0.009929087999999999,0.015988752,0.028838160000000005,0.09771732000000002,0.32647752,0.0010009440000000001,0.000609552,0.000609552,0.001003968,0.001003968,0.001398384,0.0022947840000000002,0.0026533440000000006,0.004266864,0.006131376000000001,0.008999856,0.015023664000000003,0.027716688000000003,0.09715464000000001,0.3154734
0.0014475899999999997,0.000869868,0.00096652,0.00120815,0.001884714,0.0024646259999999997,0.0029962120000000003,0.004687621999999999,0.0048326,0.007538856,0.013917888,0.023389783999999997,0.042091946,0.14473564,0.45211236,0.00215204,0.00064532,0.0013899199999999998,0.00188632,0.00109208,0.002482,0.00407048,0.00441796,0.0053611200000000005,4.417247440000001,0.012161799999999999,0.022536559999999997,0.04189616,0.1396928,0.46007519999999996,0.0007802239999999999,0.0008389159999999999,0.0011350039999999998,0.0011350039999999998,0.001875224,0.002812836,0.0034050120000000002,0.0035530559999999997,0.005526975999999999,0.007007415999999999,0.013422655999999998,0.021614423999999993,0.03898492,0.13209934,0.4413492399999999,0.0013531279999999999,0.0008240239999999998,0.0008240239999999998,0.0013572159999999996,0.0013572159999999996,0.0018904079999999999,0.0031022079999999995,0.003586928,0.005768168,0.008288712,0.012166471999999998,0.020309767999999995,0.037468855999999995,0.13133867999999999,0.42647329999999994
0.0024291749999999996,0.0014597100000000001,0.0016219,0.002027375,0.003162705,0.004135845,0.00502789,0.007866215,0.0081095,0.01265082,0.023355360000000002,0.03924998,0.070633745,0.2428783,0.7586817,0.0036113,0.0010829000000000001,0.0023323999999999997,0.0031653999999999996,0.0018326000000000002,0.004165,0.006830599999999999,0.0074137000000000005,0.008996400000000002,0.012161799999999999,7.310408500000001,0.037818199999999996,0.07030520000000001,0.23441599999999999,0.772044,0.0013092800000000001,0.0014077699999999998,0.0019046299999999996,0.0019046299999999996,0.0031467799999999996,0.004720169999999999,0.00571389,0.00596232,0.009274719999999998,0.011759019999999999,0.022524319999999997,0.03627077999999999,0.0654199,0.22167355,0.7406202999999999,0.00227066,0.00138278,0.00138278,0.00227752,0.00227752,0.0031722599999999997,0.005205759999999999,0.006019159999999999,0.009679459999999999,0.01390914,0.020416339999999998,0.034081459999999994,0.06287582,0.22039709999999998,0.71565725
0.00450141,0.002704932,0.0030054800000000005,0.00375685,0.005860686,0.0076639740000000005,0.009316988000000002,0.014576577999999998,0.0150274,0.023442744,0.043278912,0.072732616,0.130888654,0.45006836000000006,1.4058836399999999,0.00669196,0.0020066800000000003,0.00432208,0.00586568,0.0033959200000000006,0.007718,0.012657519999999998,0.01373804,0.016670880000000003,0.022536559999999997,0.037818199999999996,14.51007944,0.13027984000000004,0.4343872,1.4306447999999998,0.0024261760000000004,0.0026086839999999996,0.0035293959999999993,0.0035293959999999993,0.0058311759999999995,0.008746764,0.010588188000000002,0.011048544,0.017186623999999998,0.021790183999999997,0.04173894399999999,0.06721197599999999,0.12122708,0.41077466,1.3724147599999998,0.004207672,0.002562376,0.002562376,0.004220384,0.004220384,0.005878392,0.009646591999999999,0.011153871999999999,0.017936632,0.025774487999999998,0.037832727999999996,0.063155032,0.11651274399999999,0.40840932,1.3261567
0.00836826,0.005028552000000001,0.005587280000000001,0.006984100000000002,0.010895196000000001,0.014247564,0.017320568000000005,0.027098308,0.027936400000000007,0.043580784000000004,0.08045683200000002,0.13521217600000002,0.24332604400000002,0.8366909600000002,2.6135810400000006,0.012440560000000002,0.003730480000000001,0.008034880000000001,0.010904480000000001,0.006313120000000002,0.014348000000000003,0.023530719999999998,0.025539440000000004,0.030991680000000008,0.04189616,0.07030520000000001,0.13027984000000004,25.24219424,0.8075392000000001,2.6596128000000006,0.004510336000000001,0.004849624,0.006561256,0.006561256,0.010840336,0.016260504000000002,0.019683768000000004,0.020539584000000003,0.031950464,0.04050862399999999,0.077593984,0.12494913599999999,0.22536488000000005,0.7636427600000002,2.5513613600000005,0.007822192,0.0047635360000000005,0.0047635360000000005,0.007845824,0.007845824,0.010928112,0.017933312,0.020735392000000002,0.033344752000000005,0.047915568000000006,0.07033220800000001,0.117407152,0.21660078400000002,0.75924552,2.4653662
0.029769359999999998,0.016924320000000003,0.018804800000000003,0.023506000000000003,0.03666936,0.04795223999999999,0.05829488000000001,0.09120328,0.09402400000000001,0.14667744,0.27078912000000005,0.45507615999999995,0.8189490400000001,2.92921376,9.15001824,0.044026048,0.0124384,0.0267904,0.0363584,0.0210496,0.04784000000000001,0.07845759999999999,0.08515520000000001,0.10333440000000002,0.1396928,0.23441599999999999,0.4343872,0.8075392000000001,66.80869376,9.25037184,0.016086016,0.016428256,0.022226463999999998,0.022226463999999998,0.036721984,0.055082976000000006,0.066679392,0.069578496,0.108233216,0.137224256,0.262852096,0.4232691839999999,0.7634307200000001,2.6847108800000004,8.969727679999998,0.027995968,0.016240576,0.016240576,0.026749184,0.026749184,0.037257792,0.061140992,0.070694272,0.11368403199999999,0.163361088,0.239787328,0.400282432,0.738468544,2.6810198400000003,8.705610400000001
0.09804473999999999,0.055739880000000006,0.061933199999999994,0.0774165,0.12076974,0.15792965999999997,0.19199292,0.30037601999999997,0.309666,0.48307896,0.8918380800000001,1.49878344,2.69719086,9.647301839999999,30.135386159999996,0.144998832,0.0409656,0.08823359999999998,0.1197456,0.06932640000000001,0.15755999999999998,0.2583984,0.2804568,0.3403296,0.46007519999999996,0.772044,1.4306447999999998,2.6596128000000006,9.25037184,226.46589856,0.052978944,0.05410610399999999,0.07320237599999999,0.07320237599999999,0.120943056,0.181414584,0.21960712799999998,0.229155264,0.35646374399999997,0.45194510399999993,0.8656976639999998,1.3940278559999997,2.51434248,8.84203692,29.541603119999998,0.09220411199999999,0.05348798399999999,0.05348798399999999,0.08809785599999999,0.08809785599999999,0.12270772799999999,0.201366528,0.232830048,0.374415888,0.538026192,0.789734352,1.3183214879999998,2.432130096,8.82988056,28.6717386
0.00017267999999999998,9.506880000000002e-05,0.00010563200000000001,0.00013204000000000002,0.0002059824,0.00026936159999999996,0.00032745920000000006,0.0005123152,0.0005281600000000001,0.0008239296,0.0015211008000000003,0.0025562944000000003,0.0046002736,0.016839200000000002,0.0526008,0.00025463680000000004,6.9472e-05,0.00014963199999999997,0.00020307200000000002,0.00011756800000000002,0.0002672,0.00043820799999999994,0.0004756160000000001,0.000577152,0.0007802239999999999,0.0013092800000000001,0.0024261760000000004,0.004510336000000001,0.016086016,0.052978944,0.06259344,9.264319999999999e-05,0.0001253408,0.0001253408,0.0002070848,0.0003106272,0.0003760224000000001,0.00039237120000000004,0.0006103552,0.0007738431999999999,0.0014822911999999998,0.0023869247999999997,0.004305184,0.015470352000000001,0.051687072,0.00016293760000000003,9.1936e-05,9.1936e-05,0.000151424,0.000151424,0.000210912,0.000346112,0.000400192,0.0006435519999999999,0.0009247680000000001,0.001357408,0.002265952,0.004180384,0.015487392,0.050289520000000004
0.00017171699999999997,0.0001010412,0.00011226799999999999,0.00014033499999999998,0.00021892259999999996,0.00028628339999999994,0.0003480308,0.0005444997999999999,0.0005613399999999999,0.0008756903999999999,0.0016166592,0.0027168855999999994,0.004889271399999999,0.017063851999999997,0.05330254799999999,0.0002547688,7.4698e-05,0.00016088799999999995,0.000218348,0.000126412,0.0002873,0.00047117199999999985,0.000511394,0.0006205679999999999,0.0008389159999999999,0.0014077699999999998,0.0026086839999999996,0.004849624,0.016428256,0.05410610399999999,9.264319999999999e-05,0.16009768200000002,0.00013215799999999995,0.00013215799999999995,0.00021834799999999996,0.00032752199999999996,0.00039647399999999996,0.00041371199999999994,0.0006435519999999999,0.0008159319999999998,0.0015629119999999996,0.002516747999999999,0.004539339999999999,0.015599064,0.05211710399999999,0.00016088799999999998,9.617919999999998e-05,9.617919999999998e-05,0.00015841279999999998,0.00015841279999999998,0.00022064639999999996,0.00036208639999999994,0.0004186623999999999,0.0006732543999999999,0.0009674495999999999,0.0014200575999999997,0.0023705344,0.0043733248,0.015535415999999996,0.05044546
0.00023232299999999996,0.0001367028,0.000151892,0.000189865,0.00029618939999999995,0.0003873245999999999,0.00047086519999999996,0.0007366761999999999,0.00075946,0.0011847575999999998,0.0021872448,0.0036757863999999996,0.006614896599999999,0.023086387999999996,0.07211521199999998,0.0003446872,0.00010106199999999999,0.00021767199999999994,0.000295412,0.000171028,0.00038869999999999996,0.0006374679999999999,0.0006918860000000001,0.0008395919999999999,0.0011350039999999998,0.0019046299999999996,0.0035293959999999993,0.006561256,0.022226463999999998,0.07320237599999999,0.0001253408,0.00013215799999999995,0.16017880200000004,0.00017880199999999996,0.00029541199999999994,0.00044311799999999994,0.0005364059999999999,0.0005597279999999999,0.0008706879999999998,0.0011039079999999996,0.002114527999999999,0.003405011999999999,0.006141459999999999,0.021104616,0.07051137599999999,0.00021767199999999994,0.00013012479999999996,0.00013012479999999996,0.00021432319999999995,0.00021432319999999995,0.00029852159999999993,0.0004898815999999999,0.0005664256,0.0009108735999999999,0.0013089024,0.0019212543999999995,0.003207193599999999,0.005916851199999999,0.021018503999999997,0.06824974
0.00023232299999999996,0.0001367028,0.000151892,0.000189865,0.00029618939999999995,0.0003873245999999999,0.00047086519999999996,0.0007366761999999999,0.00075946,0.0011847575999999998,0.0021872448,0.0036757863999999996,0.006614896599999999,0.023086387999999996,0.07211521199999998,0.0003446872,0.00010106199999999999,0.00021767199999999994,0.000295412,0.000171028,0.00038869999999999996,0.0006374679999999999,0.0006918860000000001,0.0008395919999999999,0.0011350039999999998,0.0019046299999999996,0.0035293959999999993,0.006561256,0.022226463999999998,0.07320237599999999,0.0001253408,0.00013215799999999995,0.00017880199999999996,0.16017880200000004,0.00029541199999999994,0.00044311799999999994,0.0005364059999999999,0.0005597279999999999,0.0008706879999999998,0.0011039079999999996,0.002114527999999999,0.003405011999999999,0.006141459999999999,0.021104616,0.07051137599999999,0.00021767199999999994,0.00013012479999999996,0.00013012479999999996,0.00021432319999999995,0.00021432319999999995,0.00029852159999999993,0.0004898815999999999,0.0005664256,0.0009108735999999999,0.0013089024,0.0019212543999999995,0.003207193599999999,0.005916851199999999,0.021018503999999997,0.06824974
0.00038383799999999995,0.00022585680000000003,0.00025095200000000003,0.00031369,0.0004893564,0.0006399276,0.0007779512000000001,0.0012171171999999998,0.00125476,0.0019574256,0.0036137088000000005,0.0060730383999999995,0.0109289596,0.038142728,0.119146872,0.0005694832,0.000166972,0.000359632,0.000488072,0.000282568,0.0006422,0.001053208,0.001143116,0.0013871520000000002,0.001875224,0.0031467799999999996,0.0058311759999999995,0.010840336,0.036721984,0.120943056,0.0002070848,0.00021834799999999996,0.00029541199999999994,0.00029541199999999994,0.250488072,0.000732108,0.0008862360000000001,0.0009247680000000001,0.0014385279999999997,0.0018238479999999999,0.0034935679999999994,0.005625671999999999,0.01014676,0.034868496,0.11649705599999999,0.000359632,0.00021498879999999997,0.00021498879999999997,0.00035409919999999993,0.00035409919999999993,0.0004932096,0.0008093696,0.0009358335999999999,0.0015049216,0.0021625344,0.0031742463999999996,0.0052988416,0.009775667200000001,0.034726224,0.11276044
0.0005757569999999999,0.00033878520000000004,0.000376428,0.000470535,0.0007340345999999999,0.0009598914,0.0011669268,0.0018256757999999997,0.00188214,0.0029361383999999997,0.005420563200000001,0.0091095576,0.0163934394,0.05721409200000001,0.178720308,0.0008542248,0.000250458,0.000539448,0.000732108,0.00042385200000000006,0.0009633,0.0015798119999999999,0.0017146740000000002,0.0020807280000000004,0.002812836,0.004720169999999999,0.008746764,0.016260504000000002,0.055082976000000006,0.181414584,0.0003106272,0.00032752199999999996,0.00044311799999999994,0.00044311799999999994,0.000732108,0.8110981620000001,0.001329354,0.001387152,0.0021577919999999995,0.0027357719999999996,0.005240351999999999,0.008438507999999999,0.01522014,0.052302744000000005,0.17474558399999998,0.000539448,0.00032248319999999994,0.00032248319999999994,0.0005311487999999999,0.0005311487999999999,0.0007398144,0.0012140544,0.0014037504,0.0022573823999999998,0.0032438015999999995,0.0047613696,0.0079482624,0.0146635008,0.052089336,0.16914066
0.000696969,0.00041010840000000004,0.0004556760000000001,0.0005695950000000001,0.0008885682000000001,0.0011619738,0.0014125956000000002,0.0022100286,0.0022783800000000004,0.0035542728000000005,0.006561734400000001,0.0110273592,0.019844689800000002,0.06925916400000001,0.216345636,0.0010340616000000002,0.00030318600000000005,0.000653016,0.0008862360000000001,0.0005130840000000001,0.0011661000000000002,0.001912404,0.002075658,0.0025187760000000003,0.0034050120000000002,0.00571389,0.010588188000000002,0.019683768000000004,0.066679392,0.21960712799999998,0.0003760224000000001,0.00039647399999999996,0.0005364059999999999,0.0005364059999999999,0.0008862360000000001,0.001329354,1.001609218,0.001679184,0.002612064,0.003311724,0.006343583999999999,0.010215036,0.01842438,0.063313848,0.211534128,0.0006530160000000001,0.00039037439999999995,0.00039037439999999995,0.0006429696,0.0006429696,0.0008955648,0.0014696447999999998,0.0016992768,0.0027326208,0.003926707200000001,0.0057637632,0.0096215808,0.0177505536,0.063055512,0.20474922000000004
0.000727272,0.0004279392,0.000475488,0.00059436,0.0009272016000000001,0.0012124943999999999,0.0014740128,0.0023061168,0.00237744,0.0037088064000000004,0.0068470272,0.011506809599999999,0.0207075024,0.07227043200000001,0.225751968,0.0010790208,0.00031636800000000003,0.000681408,0.000924768,0.0005353920000000001,0.0012168,0.001995552,0.002165904,0.0026282880000000008,0.0035530559999999997,0.00596232,0.011048544,0.020539584000000003,0.069578496,0.229155264,0.00039237120000000004,0.00041371199999999994,0.0005597279999999999,0.0005597279999999999,0.0009247680000000001,0.001387152,0.001679184,1.001752192,0.002725632,0.0034557119999999992,0.006619391999999999,0.010659168,0.01922544,0.066066624,0.22073126399999998,0.000681408,0.0004073471999999999,0.0004073471999999999,0.0006709248,0.0006709248,0.0009345024,0.0015335423999999999,0.0017731584,0.0028514304,0.0040974336,0.0060143615999999995,0.0100399104,0.0185223168,0.06579705599999999,0.21365136
